0.1071    0.6031
0.0933    0.6499
0.0979    0.7054
0.1555    0.7844
0.2108    0.8662
0.3283    0.9291
0.4297    0.9349
0.6210    0.9349
0.7569    0.9101
0.8191    0.8794
0.8099    0.8370
0.7500    0.8194
0.7730    0.8545
0.7707    0.8896
0.7661    0.8999
0.7800    0.8355
0.7500    0.7917
0.7615    0.7654
0.8145    0.8326
0.8145    0.8852
0.5634    0.9218
0.4942    0.8999
0.4804    0.8633
0.4482    0.8194
0.4251    0.8575
0.4505    0.8999
0.5104    0.9379
0.4988    0.9452
0.3514    0.9349
0.2730    0.9013
0.2339    0.8618
0.2154    0.8589
0.1348    0.8618
0.0749    0.8721
0.0588    0.8721
0.1002    0.8385
0.1210    0.8311
0.1325    0.8136
0.1371    0.7741
0.1164    0.7493
0.1048    0.7273
0.1071    0.6996
0.0910    0.6542
0.0680    0.6338
0.0680    0.6235
0.0933    0.5855
0.1624    0.5797
0.1786    0.5958
0.1440    0.6425
0.1094    0.6455
0.1463    0.7039
0.1486    0.7420
0.1601    0.7770
0.1233    0.7917
0.1048    0.8151
0.0818    0.8238
0.0588    0.8823
0.0956    0.8940
0.1440    0.8896
0.1694    0.8648
0.1647    0.8443
0.1187    0.8399
0.1624    0.8838
0.2362    0.8999
0.2777    0.9364
0.2984    0.9554
0.3376    0.9613
0.3422    0.9583
0.2938    0.9335
0.2592    0.9247
0.2523    0.9423
0.2131    0.9218
0.2039    0.8911
0.1924    0.8808
0.3629    0.9613
0.4182    0.9642
0.4297    0.9671
0.3906    0.9423
0.3906    0.9364
0.4182    0.9232
0.4136    0.9013
0.4113    0.8882
0.4574    0.8648
0.4666    0.8487
0.5081    0.9072
0.5219    0.9276
0.4343    0.9335
0.4482    0.9583
0.4643    0.9730
0.5081    0.9569
0.5242    0.9349
0.5680    0.9276
0.5864    0.9554
0.5910    0.9583
0.6256    0.9525
0.6624    0.9496
0.6901    0.9364
0.6832    0.9232
0.7408    0.9189
0.7661    0.9145
0.7154    0.8925
0.7293    0.8896
0.7454    0.8750
0.7385    0.8501
0.7385    0.8399
0.7800    0.8165
0.8053    0.7990
0.7961    0.7902
0.7823    0.7639
0.7661    0.7566
0.7200    0.8428
0.7385    0.8896
0.7408    0.9232
0.7154    0.9393
0.6763    0.9408
0.6371    0.9218
0.6809    0.9159
0.7408    0.9159
0.7569    0.9379
0.7776    0.9510
0.8329    0.9189
0.7800    0.8721
0.7776    0.8531
0.7707    0.9262
0.6717    0.9554
0.5749    0.9466
0.5449    0.9291
0.5035    0.9145
0.4435    0.9232
0.3906    0.9306
0.3376    0.9262
0.3698    0.9232
0.4366    0.9101
0.5357    0.9598
0.4574    0.9598
0.4228    0.9393
0.4090    0.9057
0.3675    0.9086
0.3145    0.9203
0.3329    0.9247
0.4574    0.9232
0.5081    0.9145
0.4735    0.9496
0.5380    0.9627
0.6970    0.9554
0.7500    0.9510
0.8007    0.9130
0.8237    0.8648
0.7108    0.8618
0.7016    0.8867
0.6371    0.9101
0.5933    0.9174
0.5634    0.9174
0.5403    0.9101
0.5104    0.8838
0.5012    0.8633
0.4804    0.8414
0.4320    0.8560
0.4044    0.8765
0.3652    0.8984
0.3145    0.8984
0.2777    0.8955
0.2638    0.8911
0.2362    0.8750
0.2223    0.8604
0.1947    0.8501
0.1717    0.8341
0.1763    0.8194
0.1832    0.7873
0.1601    0.7537
0.1118    0.7478
0.0887    0.7390
0.0933    0.7010
0.1256    0.6835
0.1624    0.6542
0.1279    0.6308
0.1348    0.5885
0.1855    0.5885
0.1924    0.6250
0.1325    0.6645
0.1002    0.6703
0.0749    0.6718
0.0703    0.7054
0.0933    0.7215
0.1002    0.7522
0.0657    0.7595
0.0818    0.7741
0.0979    0.7741
0.8214    0.8969
0.8583    0.8458
0.8145    0.8209
0.7892    0.7990
0.7915    0.7493
0.3721    0.8516
0.3514    0.8633
0.3053    0.8545
0.3237    0.8414
0.2892    0.8341
0.2777    0.8297
0.2938    0.8107
0.2984    0.8019
0.3168    0.8414
0.3537    0.8341
0.3537    0.8238
0.3053    0.8048
0.2915    0.7844
0.2615    0.8004
0.2684    0.8004
0.2707    0.8165
0.2477    0.8063
0.2592    0.7814
0.2615    0.7785
0.2339    0.7624
0.2293    0.7259
0.2661    0.7069
0.3030    0.6966
0.2938    0.6791
0.2684    0.6615
0.2823    0.6528
0.3122    0.6440
0.3491    0.6265
0.3514    0.6060
0.3790    0.5811
0.4205    0.5534
0.3790    0.5300
0.3468    0.5183
0.3376    0.5256
0.3468    0.5651
0.3606    0.5841
0.3191    0.6206
0.3283    0.6689
0.3353    0.6820
0.3076    0.7303
0.3053    0.7639
0.3191    0.8092
0.3353    0.8209
0.3606    0.8282
0.3882    0.8224
0.4044    0.7990
0.4136    0.7887
0.3744    0.7683
0.3652    0.7654
0.3675    0.7770
0.3698    0.8004
0.3468    0.7990
0.3329    0.7800
0.3329    0.7390
0.3583    0.6908
0.3537    0.6615
0.3675    0.6396
0.3952    0.6177
0.3859    0.6089
0.4389    0.5914
0.4228    0.5724
0.4505    0.5344
0.4643    0.5387
0.4712    0.5914
0.4620    0.6294
0.4366    0.6484
0.4067    0.6762
0.3744    0.7025
0.3583    0.7624
0.3675    0.7390
0.4067    0.6674
0.4228    0.6118
0.4850    0.5987
0.4804    0.6148
0.5081    0.6323
0.5150    0.6499
0.5265    0.6601
0.5588    0.6674
0.5749    0.6747
0.5933    0.6762
0.6417    0.6615
0.6786    0.6396
0.7039    0.6162
0.7270    0.5870
0.7385    0.5577
0.7800    0.5285
0.7892    0.5270
0.7846    0.5563
0.7846    0.5972
0.7500    0.6425
0.7385    0.6615
0.7293    0.6732
0.6786    0.6937
0.6647    0.6966
0.5910    0.7069
0.5495    0.6923
0.5311    0.6747
0.4942    0.6542
0.4412    0.6528
0.4274    0.6689
0.3975    0.6981
0.3975    0.7025
0.4666    0.6762
0.5081    0.6820
0.5081    0.6849
0.5472    0.7054
0.5841    0.7098
0.6118    0.7142
0.6694    0.7113
0.6348    0.6835
0.7108    0.6849
0.6924    0.6645
0.7477    0.6557
0.7293    0.6323
0.7362    0.6075
0.7431    0.5943
0.7730    0.5826
0.7477    0.5534
0.7615    0.5431
0.8076    0.5373
0.8122    0.5461
0.8306    0.5768
0.8237    0.5855
0.7938    0.6250
0.7776    0.6411
0.7569    0.6528
0.7408    0.6718
0.7224    0.6864
0.6578    0.6864
0.6440    0.6864
0.5933    0.6747
0.5403    0.8999
0.6233    0.8955
0.6509    0.8911
0.6924    0.8823
0.6394    0.8779
0.5495    0.8867
0.5403    0.8925
0.5657    0.9086
0.6325    0.9159
0.7039    0.9072
0.7500    0.8750
0.8053    0.7931
0.8376    0.7800
0.8675    0.7756
0.9044    0.7727
0.9528    0.7741
0.9758    0.7770
0.9689    0.8019
0.9274    0.8034
0.8813    0.8004
0.8514    0.8063
0.8076    0.8458
0.8007    0.8662
0.8606    0.8501
0.9090    0.8370
0.9205    0.8268
0.9551    0.8224
0.9666    0.8224
0.9689    0.8209
0.8975    0.8194
0.8514    0.7887
0.8514    0.7858
0.8560    0.8399
0.8283    0.8501
0.6002    0.9408
0.6002    0.9408
0.4827    0.9306
0.2546    0.9510
0.2270    0.8999
0.1601    0.8911
0.1763    0.8604
0.1118    0.8662
0.0749    0.8852
0.0541    0.8838
0.0449    0.9145
0.1118    0.9130
0.1048    0.8969
0.1532    0.8852
0.1993    0.8838
0.0611    0.9115
0.0565    0.8969
0.0749    0.8794
0.0933    0.8589
0.3537    0.7142
0.3099    0.7741
0.2707    0.7449
0.3007    0.6981
0.3929    0.6732
0.4044    0.6542
0.4205    0.6382
0.4459    0.6162
0.4643    0.6045
0.3744    0.5636
0.4251    0.5285
0.3698    0.5095
0.4804    0.6425
0.4297    0.6689
0.5541    0.6791
0.6210    0.7054
0.6164    0.7390
0.6624    0.7230
0.6832    0.7054
0.6924    0.6513
0.7200    0.6411
0.7270    0.6674
0.6809    0.6952
0.6555    0.7113
0.6210    0.7230
0.5910    0.7186
0.5680    0.6879
0.5680    0.6615
0.5657    0.6484
0.6279    0.5914
0.5634    0.5958
0.6187    0.6001
0.6071    0.6221
0.5887    0.6206
0.5772    0.5943
0.5841    0.5768
0.6118    0.5665
0.6233    0.5621
0.6233    0.5577
0.5979    0.5548
0.5541    0.5475
0.5449    0.5358
0.5449    0.5329
0.5703    0.5285
0.5956    0.5270
0.5979    0.5270
0.6302    0.5300
0.6578    0.5300
0.7039    0.5270
0.7062    0.5168
0.7016    0.5110
0.6647    0.5358
0.6440    0.5636
0.6440    0.5753
0.6440    0.5885
0.6371    0.6075
0.6348    0.6162
0.5887    0.6192
0.5518    0.6075
0.5611    0.5943
0.5772    0.5417
0.5518    0.5227
0.5472    0.5110
0.5472    0.5080
0.5933    0.5168
0.6694    0.5227
0.6740    0.5241
0.6624    0.5665
0.6624    0.5665
0.6417    0.5358
0.6647    0.5168
0.5795    0.5621
0.5449    0.5709
0.5472    0.5782
0.6048    0.5958
0.6509    0.5958
0.3882    0.6455
0.3698    0.6937
0.3122    0.7069
0.3122    0.7288
0.2730    0.7127
0.3053    0.7405
0.3122    0.7537
0.2546    0.7566
0.2892    0.7420
0.2730    0.7171
0.2961    0.6879
0.3445    0.6659
0.3675    0.6513
0.3929    0.6528
0.3882    0.6089
0.4067    0.5914
0.3906    0.5636
0.4021    0.5417
0.3583    0.5431
0.3399    0.6118
0.3514    0.6893
0.3053    0.7332
0.2408    0.7493
0.2823    0.7654
0.4873    0.6674
0.5196    0.6776
0.5864    0.6864
0.6348    0.7127
0.6486    0.7288
0.6647    0.7303
0.6993    0.7010
0.7523    0.6338
0.7846    0.5519
0.8030    0.5387
0.8306    0.5329
0.6094    0.8165
0.6118    0.7858
0.5749    0.7566
0.5449    0.7273
0.5588    0.7186
0.5887    0.7230
0.5956    0.7332
0.6025    0.7522
0.5703    0.7654
0.5634    0.7770
0.5772    0.7961
0.6002    0.8136
0.6187    0.8253
0.6463    0.7961
0.6371    0.7654
0.6486    0.7390
0.6509    0.7434
0.6601    0.7420
0.6601    0.7405
0.6694    0.7522
0.6348    0.7829
0.6025    0.7756
0.6048    0.7712
0.6164    0.7551
0.6578    0.7478
0.6809    0.7405
0.6970    0.7054
0.7085    0.6747
0.7362    0.6440
0.1647    0.8121
0.1509    0.8472
0.1417    0.8165
0.1348    0.8458
0.1279    0.8779
0.0841    0.8604
0.0680    0.8268
0.1233    0.7902
0.0818    0.8019
0.1371    0.7610
0.1371    0.7127
0.1509    0.7493
0.1486    0.6732
0.2131    0.6294
0.1417    0.5958
0.1694    0.6265
0.0772    0.6235
0.0565    0.6849
0.0864    0.7405
0.0703    0.7654
0.0634    0.8209
0.0541    0.7624
0.0518    0.6952
0.0818    0.6484
0.1532    0.5943
0.2085    0.5826
0.7293    0.6923
0.8053    0.6923
0.8283    0.6923
0.8560    0.6893
0.9274    0.6747
0.9758    0.6484
0.9804    0.6367
0.8998    0.6294
0.8721    0.6206
0.8491    0.6440
0.8145    0.6542
0.7846    0.6732
0.7753    0.6849
0.7753    0.6864
0.7454    0.6923
0.8099    0.6718
0.8583    0.6791
0.8629    0.6615
0.9228    0.6572
0.9412    0.6382
0.9896    0.6382
0.9873    0.6469
0.9182    0.6791
0.8422    0.6732
0.8099    0.6586
0.7270    0.7025
0.6901    0.7039
0.6901    0.7259
0.5795    0.7376
0.4735    0.6893
0.4343    0.6747
0.2500    0.6879
0.2247    0.7230
0.1809    0.6937
0.1187    0.5724
0.1647    0.5461
0.1717    0.5300
0.1555    0.4920
0.1325    0.5487
0.1256    0.5876
0.1786    0.5753
0.2223    0.5425
0.2293    0.5671
0.2016    0.6224
0.1740    0.6203
0.1417    0.5364
0.1371    0.5098
0.0772    0.5773
0.0749    0.5958
0.1325    0.5692
0.1924    0.5405
0.0749    0.5487
0.1164    0.5446
0.1256    0.6797
0.0910    0.7697
0.1509    0.8618
0.2039    0.9273
0.2661    0.9335
0.3214    0.9396
0.5058    0.8518
0.4827    0.8184
0.5081    0.8132
0.4850    0.7956
0.4781    0.7728
0.4781    0.7465
0.4597    0.7465
0.4597    0.7623
0.4781    0.7868
0.4597    0.8061
0.4620    0.8325
0.4735    0.8746
0.4758    0.9114
0.4482    0.9009
0.4965    0.8570
0.5150    0.8184
0.4781    0.7728
0.4758    0.7307
0.4366    0.7535
0.4689    0.7640
0.3836    0.4851
0.3537    0.4711
0.3698    0.4518
0.3560    0.4360
0.3445    0.4219
0.3491    0.4114
0.3813    0.4289
0.3813    0.4553
0.3790    0.4921
0.3859    0.5149
0.4159    0.5360
0.4136    0.5167
0.4044    0.5009
0.4113    0.4746
0.4044    0.4500
0.3952    0.4342
0.3975    0.4237
0.4090    0.4167
0.7892    0.5237
0.8076    0.4886
0.8053    0.4781
0.7846    0.4412
0.7823    0.4254
0.8306    0.4219
0.8399    0.4412
0.8237    0.4658
0.8399    0.4991
0.8399    0.5219
0.8329    0.5535
0.8422    0.5746
0.8606    0.5868
0.8122    0.5114
0.7984    0.5026
0.8030    0.4763
0.7753    0.4289
0.7362    0.4167
0.7823    0.4693
0.7823    0.4605
0.7592    0.4500
0.7454    0.4518
0.7408    0.4465
0.7339    0.4395
0.6993    0.4482
0.6970    0.4658
0.6924    0.4658
0.6763    0.4640
0.6578    0.4588
0.6578    0.4588
0.6440    0.4553
0.6486    0.4377
0.6187    0.4237
0.5588    0.4149
0.5541    0.4167
0.5910    0.4412
0.6094    0.4482
0.6210    0.4711
0.6279    0.4781
0.6440    0.4781
0.6624    0.4746
0.6809    0.4746
0.6325    0.4746
0.5887    0.4518
0.5818    0.4325
0.5703    0.4114
0.5588    0.4061
0.5541    0.4991
0.5150    0.5167
0.5104    0.5044
0.5173    0.4956
0.5541    0.4904
0.5541    0.4763
0.5403    0.4728
0.5288    0.4868
0.5035    0.4851
0.4919    0.4658
0.5173    0.4623
0.5265    0.4588
0.5403    0.4395
0.5173    0.4360
0.4965    0.4219
0.4896    0.4184
0.4735    0.4167
0.4873    0.4482
0.5081    0.4500
0.5150    0.4886
0.4505    0.4553
0.4758    0.4360
0.4735    0.4202
0.4574    0.4114
0.4505    0.4096
0.4873    0.4588
0.5334    0.5360
0.5380    0.5728
0.5288    0.5360
0.5127    0.4991
0.1855    0.5114
0.2085    0.5272
0.1901    0.5202
0.1878    0.4974
0.1901    0.4798
0.1970    0.4500
0.1947    0.4272
0.1763    0.4079
0.1463    0.4026
0.1325    0.4412
0.1578    0.4640
0.1647    0.4640
0.1187    0.4886
0.1279    0.5096
0.1601    0.4675
0.1740    0.4325
0.1578    0.4254
0.1832    0.4202
0.2062    0.4798
0.2154    0.5167
0.2270    0.5325
0.1164    0.5254
0.1164    0.4851
0.1371    0.4553
0.1002    0.4447
0.2131    0.4833
0.2615    0.5360
0.2523    0.5535
0.7108    0.9816
0.6624    0.9693
0.6947    0.9868
0.7154    0.9588
0.3721    0.9886
0.3744    0.9675
0.4159    0.9711
0.2270    0.7921
0.2477    0.8342
0.2730    0.8588
0.2915    0.8623
0.2223    0.8132
0.2247    0.7974
0.2039    0.7746
0.1855    0.7553
0.2062    0.7289
0.2454    0.7237
0.2223    0.7061
0.2270    0.6956
0.2592    0.6816
0.2247    0.6605
0.2039    0.6482
0.1993    0.6553
0.2339    0.6974
0.2569    0.7272
0.2546    0.6658
0.2661    0.6412
0.2431    0.6360
0.2339    0.6184
0.2408    0.6132
0.2730    0.6254
0.2892    0.6254
0.3030    0.6149
0.3191    0.6009
0.3376    0.5851
0.3629    0.5482
0.3744    0.5289
0.6048    0.8447
0.5703    0.8167
0.5634    0.8044
0.6233    0.8149
0.6647    0.8044
0.6647    0.7833
0.6878    0.7482
0.7177    0.7167
0.7385    0.7026
0.7408    0.7360
0.7108    0.7377
0.6855    0.7658
0.6832    0.7763
0.6878    0.8026
0.6878    0.8202
0.6694    0.8377
0.6555    0.8447
0.6394    0.8184
0.6394    0.8395
0.5841    0.8395
0.5634    0.7974
0.5472    0.7728
0.5680    0.8430
0.5818    0.8693
0.5956    0.8711
0.6256    0.8693
0.6486    0.8570
0.6371    0.8395
0.6417    0.8044
0.6671    0.8570
0.7062    0.8219
0.9620    0.5798
0.9274    0.5921
0.9274    0.5728
0.9482    0.5693
0.9620    0.5500
0.9574    0.5570
0.9159    0.5570
0.9159    0.5570
0.9228    0.5289
0.9251    0.5149
0.9366    0.4991
0.9689    0.4904
0.9988    0.5149
0.9597    0.5430
0.9551    0.5289
0.9412    0.5009
0.9182    0.4868
0.9113    0.4816
0.9136    0.4658
0.9067    0.4430
0.8790    0.4219
0.8744    0.4079
0.9274    0.4079
0.9482    0.4114
0.9620    0.4132
0.9666    0.4254
0.9666    0.4342
0.9482    0.4342
0.9343    0.4360
0.9482    0.4693
0.9643    0.4746
0.9896    0.4535
0.9873    0.4360
0.9666    0.5167
0.9597    0.5570
0.9044    0.5605
0.9159    0.5254
0.9228    0.4939
0.9113    0.4535
0.8906    0.4447
0.8744    0.5079
0.8975    0.5272
0.9136    0.5377
0.9689    0.5658
0.9850    0.5798
0.9942    0.5167
0.9643    0.4728
0.9758    0.4395
0.9896    0.4254
0.9965    0.4149